(kicad_pcb (version 20171130) (host pcbnew "(5.1.6)-1")

  (general
    (thickness 1.6)
    (drawings 45)
    (tracks 235)
    (zones 0)
    (modules 34)
    (nets 64)
  )

  (page A4)
  (layers
    (0 F.Cu signal)
    (31 B.Cu signal)
    (32 B.Adhes user)
    (33 F.Adhes user)
    (34 B.Paste user)
    (35 F.Paste user)
    (36 B.SilkS user)
    (37 F.SilkS user)
    (38 B.Mask user)
    (39 F.Mask user)
    (40 Dwgs.User user)
    (41 Cmts.User user)
    (42 Eco1.User user)
    (43 Eco2.User user)
    (44 Edge.Cuts user)
    (45 Margin user)
    (46 B.CrtYd user)
    (47 F.CrtYd user)
    (48 B.Fab user)
    (49 F.Fab user)
  )

  (setup
    (last_trace_width 0.25)
    (user_trace_width 0.4)
    (user_trace_width 1)
    (trace_clearance 0.2)
    (zone_clearance 0.508)
    (zone_45_only no)
    (trace_min 0.2)
    (via_size 0.8)
    (via_drill 0.4)
    (via_min_size 0.4)
    (via_min_drill 0.3)
    (user_via 1.6 1)
    (uvia_size 0.3)
    (uvia_drill 0.1)
    (uvias_allowed no)
    (uvia_min_size 0.2)
    (uvia_min_drill 0.1)
    (edge_width 0.05)
    (segment_width 0.2)
    (pcb_text_width 0.3)
    (pcb_text_size 1.5 1.5)
    (mod_edge_width 0.12)
    (mod_text_size 1 1)
    (mod_text_width 0.15)
    (pad_size 2.1 2.1)
    (pad_drill 1.3)
    (pad_to_mask_clearance 0.05)
    (aux_axis_origin 0 0)
    (grid_origin 100 100)
    (visible_elements 7FFFFFFF)
    (pcbplotparams
      (layerselection 0x010fc_ffffffff)
      (usegerberextensions false)
      (usegerberattributes true)
      (usegerberadvancedattributes true)
      (creategerberjobfile true)
      (excludeedgelayer true)
      (linewidth 0.100000)
      (plotframeref false)
      (viasonmask false)
      (mode 1)
      (useauxorigin false)
      (hpglpennumber 1)
      (hpglpenspeed 20)
      (hpglpendiameter 15.000000)
      (psnegative false)
      (psa4output false)
      (plotreference true)
      (plotvalue true)
      (plotinvisibletext false)
      (padsonsilk false)
      (subtractmaskfromsilk false)
      (outputformat 1)
      (mirror false)
      (drillshape 1)
      (scaleselection 1)
      (outputdirectory ""))
  )

  (net 0 "")
  (net 1 +3V3)
  (net 2 GND)
  (net 3 "Net-(U1-Pad44)")
  (net 4 "Net-(U1-Pad43)")
  (net 5 "Net-(U1-Pad42)")
  (net 6 "Net-(U1-Pad41)")
  (net 7 "Net-(U1-Pad40)")
  (net 8 "Net-(U1-Pad39)")
  (net 9 "Net-(U1-Pad38)")
  (net 10 "Net-(U1-Pad31)")
  (net 11 "Net-(U1-Pad30)")
  (net 12 "Net-(U1-Pad29)")
  (net 13 "Net-(U1-Pad28)")
  (net 14 "Net-(U1-Pad27)")
  (net 15 "Net-(U1-Pad26)")
  (net 16 "Net-(U1-Pad25)")
  (net 17 "Net-(U1-Pad20)")
  (net 18 "Net-(U1-Pad19)")
  (net 19 "Net-(U1-Pad18)")
  (net 20 "Net-(U1-Pad13)")
  (net 21 "Net-(U1-Pad12)")
  (net 22 "Net-(U1-Pad11)")
  (net 23 "Net-(U1-Pad10)")
  (net 24 "Net-(U1-Pad4)")
  (net 25 "Net-(U1-Pad3)")
  (net 26 "Net-(U1-Pad2)")
  (net 27 "Net-(J1-Pad4)")
  (net 28 "Net-(D1-Pad2)")
  (net 29 +5V)
  (net 30 /usb_shield)
  (net 31 /USB_P)
  (net 32 /USB_N)
  (net 33 /D+)
  (net 34 /D-)
  (net 35 "Net-(J2-Pad1)")
  (net 36 "Net-(J2-Pad3)")
  (net 37 "Net-(J2-Pad4)")
  (net 38 "Net-(J2-Pad6)")
  (net 39 "Net-(J2-Pad2)")
  (net 40 "Net-(U2-Pad7)")
  (net 41 "Net-(U2-Pad6)")
  (net 42 /WL_CS)
  (net 43 /WL_MISO)
  (net 44 /WL_SCK)
  (net 45 /WL_MOSI)
  (net 46 /OLED_SDA)
  (net 47 /OLED_SCL)
  (net 48 "Net-(D2-Pad2)")
  (net 49 /conn_led)
  (net 50 /power_switch)
  (net 51 "Net-(J3-Pad1)")
  (net 52 /WP)
  (net 53 /MEM_SDA)
  (net 54 /MEM_SCL)
  (net 55 /MEM_A0)
  (net 56 /MEM_A1)
  (net 57 /MEM_A2)
  (net 58 "Net-(J4-Pad5)")
  (net 59 /SWCLK)
  (net 60 /SWDIO)
  (net 61 /NRST)
  (net 62 /OSCOUT)
  (net 63 /OSCIN)

  (net_class Default "This is the default net class."
    (clearance 0.2)
    (trace_width 0.25)
    (via_dia 0.8)
    (via_drill 0.4)
    (uvia_dia 0.3)
    (uvia_drill 0.1)
    (add_net +3V3)
    (add_net +5V)
    (add_net /D+)
    (add_net /D-)
    (add_net /MEM_A0)
    (add_net /MEM_A1)
    (add_net /MEM_A2)
    (add_net /MEM_SCL)
    (add_net /MEM_SDA)
    (add_net /NRST)
    (add_net /OLED_SCL)
    (add_net /OLED_SDA)
    (add_net /OSCIN)
    (add_net /OSCOUT)
    (add_net /SWCLK)
    (add_net /SWDIO)
    (add_net /USB_N)
    (add_net /USB_P)
    (add_net /WL_CS)
    (add_net /WL_MISO)
    (add_net /WL_MOSI)
    (add_net /WL_SCK)
    (add_net /WP)
    (add_net /conn_led)
    (add_net /power_switch)
    (add_net /usb_shield)
    (add_net GND)
    (add_net "Net-(D1-Pad2)")
    (add_net "Net-(D2-Pad2)")
    (add_net "Net-(J1-Pad4)")
    (add_net "Net-(J2-Pad1)")
    (add_net "Net-(J2-Pad2)")
    (add_net "Net-(J2-Pad3)")
    (add_net "Net-(J2-Pad4)")
    (add_net "Net-(J2-Pad6)")
    (add_net "Net-(J3-Pad1)")
    (add_net "Net-(J4-Pad5)")
    (add_net "Net-(U1-Pad10)")
    (add_net "Net-(U1-Pad11)")
    (add_net "Net-(U1-Pad12)")
    (add_net "Net-(U1-Pad13)")
    (add_net "Net-(U1-Pad18)")
    (add_net "Net-(U1-Pad19)")
    (add_net "Net-(U1-Pad2)")
    (add_net "Net-(U1-Pad20)")
    (add_net "Net-(U1-Pad25)")
    (add_net "Net-(U1-Pad26)")
    (add_net "Net-(U1-Pad27)")
    (add_net "Net-(U1-Pad28)")
    (add_net "Net-(U1-Pad29)")
    (add_net "Net-(U1-Pad3)")
    (add_net "Net-(U1-Pad30)")
    (add_net "Net-(U1-Pad31)")
    (add_net "Net-(U1-Pad38)")
    (add_net "Net-(U1-Pad39)")
    (add_net "Net-(U1-Pad4)")
    (add_net "Net-(U1-Pad40)")
    (add_net "Net-(U1-Pad41)")
    (add_net "Net-(U1-Pad42)")
    (add_net "Net-(U1-Pad43)")
    (add_net "Net-(U1-Pad44)")
    (add_net "Net-(U2-Pad6)")
    (add_net "Net-(U2-Pad7)")
  )

  (module Crystal:Crystal_SMD_5032-2Pin_5.0x3.2mm (layer F.Cu) (tedit 5A0FD1B2) (tstamp 6080ABD4)
    (at 89.682 86.726)
    (descr "SMD Crystal SERIES SMD2520/2 http://www.icbase.com/File/PDF/HKC/HKC00061008.pdf, 5.0x3.2mm^2 package")
    (tags "SMD SMT crystal")
    (path /60875389)
    (attr smd)
    (fp_text reference Y1 (at 0 -2.8) (layer F.SilkS)
      (effects (font (size 1 1) (thickness 0.15)))
    )
    (fp_text value 8MHz (at 0 2.8) (layer F.Fab)
      (effects (font (size 1 1) (thickness 0.15)))
    )
    (fp_text user %R (at 0 0) (layer F.Fab)
      (effects (font (size 1 1) (thickness 0.15)))
    )
    (fp_line (start -2.3 -1.6) (end 2.3 -1.6) (layer F.Fab) (width 0.1))
    (fp_line (start 2.3 -1.6) (end 2.5 -1.4) (layer F.Fab) (width 0.1))
    (fp_line (start 2.5 -1.4) (end 2.5 1.4) (layer F.Fab) (width 0.1))
    (fp_line (start 2.5 1.4) (end 2.3 1.6) (layer F.Fab) (width 0.1))
    (fp_line (start 2.3 1.6) (end -2.3 1.6) (layer F.Fab) (width 0.1))
    (fp_line (start -2.3 1.6) (end -2.5 1.4) (layer F.Fab) (width 0.1))
    (fp_line (start -2.5 1.4) (end -2.5 -1.4) (layer F.Fab) (width 0.1))
    (fp_line (start -2.5 -1.4) (end -2.3 -1.6) (layer F.Fab) (width 0.1))
    (fp_line (start -2.5 0.6) (end -1.5 1.6) (layer F.Fab) (width 0.1))
    (fp_line (start 2.7 -1.8) (end -3.05 -1.8) (layer F.SilkS) (width 0.12))
    (fp_line (start -3.05 -1.8) (end -3.05 1.8) (layer F.SilkS) (width 0.12))
    (fp_line (start -3.05 1.8) (end 2.7 1.8) (layer F.SilkS) (width 0.12))
    (fp_line (start -3.1 -1.9) (end -3.1 1.9) (layer F.CrtYd) (width 0.05))
    (fp_line (start -3.1 1.9) (end 3.1 1.9) (layer F.CrtYd) (width 0.05))
    (fp_line (start 3.1 1.9) (end 3.1 -1.9) (layer F.CrtYd) (width 0.05))
    (fp_line (start 3.1 -1.9) (end -3.1 -1.9) (layer F.CrtYd) (width 0.05))
    (fp_circle (center 0 0) (end 0.4 0) (layer F.Adhes) (width 0.1))
    (fp_circle (center 0 0) (end 0.333333 0) (layer F.Adhes) (width 0.133333))
    (fp_circle (center 0 0) (end 0.213333 0) (layer F.Adhes) (width 0.133333))
    (fp_circle (center 0 0) (end 0.093333 0) (layer F.Adhes) (width 0.186667))
    (pad 2 smd rect (at 1.85 0) (size 2 2.4) (layers F.Cu F.Paste F.Mask)
      (net 63 /OSCIN))
    (pad 1 smd rect (at -1.85 0) (size 2 2.4) (layers F.Cu F.Paste F.Mask)
      (net 62 /OSCOUT))
    (model ${KISYS3DMOD}/Crystal.3dshapes/Crystal_SMD_5032-2Pin_5.0x3.2mm.wrl
      (at (xyz 0 0 0))
      (scale (xyz 1 1 1))
      (rotate (xyz 0 0 0))
    )
  )

  (module Resistor_SMD:R_1206_3216Metric_Pad1.42x1.75mm_HandSolder (layer F.Cu) (tedit 5B301BBD) (tstamp 6080AA41)
    (at 89.032 90.796)
    (descr "Resistor SMD 1206 (3216 Metric), square (rectangular) end terminal, IPC_7351 nominal with elongated pad for handsoldering. (Body size source: http://www.tortai-tech.com/upload/download/2011102023233369053.pdf), generated with kicad-footprint-generator")
    (tags "resistor handsolder")
    (path /6087F552)
    (attr smd)
    (fp_text reference R11 (at 0 -1.82) (layer F.SilkS)
      (effects (font (size 1 1) (thickness 0.15)))
    )
    (fp_text value 1M (at 0 1.82) (layer F.Fab)
      (effects (font (size 1 1) (thickness 0.15)))
    )
    (fp_text user %R (at 0 0) (layer F.Fab)
      (effects (font (size 0.8 0.8) (thickness 0.12)))
    )
    (fp_line (start -1.6 0.8) (end -1.6 -0.8) (layer F.Fab) (width 0.1))
    (fp_line (start -1.6 -0.8) (end 1.6 -0.8) (layer F.Fab) (width 0.1))
    (fp_line (start 1.6 -0.8) (end 1.6 0.8) (layer F.Fab) (width 0.1))
    (fp_line (start 1.6 0.8) (end -1.6 0.8) (layer F.Fab) (width 0.1))
    (fp_line (start -0.602064 -0.91) (end 0.602064 -0.91) (layer F.SilkS) (width 0.12))
    (fp_line (start -0.602064 0.91) (end 0.602064 0.91) (layer F.SilkS) (width 0.12))
    (fp_line (start -2.45 1.12) (end -2.45 -1.12) (layer F.CrtYd) (width 0.05))
    (fp_line (start -2.45 -1.12) (end 2.45 -1.12) (layer F.CrtYd) (width 0.05))
    (fp_line (start 2.45 -1.12) (end 2.45 1.12) (layer F.CrtYd) (width 0.05))
    (fp_line (start 2.45 1.12) (end -2.45 1.12) (layer F.CrtYd) (width 0.05))
    (pad 2 smd roundrect (at 1.4875 0) (size 1.425 1.75) (layers F.Cu F.Paste F.Mask) (roundrect_rratio 0.175439)
      (net 62 /OSCOUT))
    (pad 1 smd roundrect (at -1.4875 0) (size 1.425 1.75) (layers F.Cu F.Paste F.Mask) (roundrect_rratio 0.175439)
      (net 63 /OSCIN))
    (model ${KISYS3DMOD}/Resistor_SMD.3dshapes/R_1206_3216Metric.wrl
      (at (xyz 0 0 0))
      (scale (xyz 1 1 1))
      (rotate (xyz 0 0 0))
    )
  )

  (module Resistor_SMD:R_0805_2012Metric_Pad1.15x1.40mm_HandSolder (layer F.Cu) (tedit 5B36C52B) (tstamp 6080A6DA)
    (at 94.382 90.626)
    (descr "Resistor SMD 0805 (2012 Metric), square (rectangular) end terminal, IPC_7351 nominal with elongated pad for handsoldering. (Body size source: https://docs.google.com/spreadsheets/d/1BsfQQcO9C6DZCsRaXUlFlo91Tg2WpOkGARC1WS5S8t0/edit?usp=sharing), generated with kicad-footprint-generator")
    (tags "resistor handsolder")
    (path /60876493)
    (attr smd)
    (fp_text reference C7 (at 0 -1.65) (layer F.SilkS)
      (effects (font (size 1 1) (thickness 0.15)))
    )
    (fp_text value 22pF (at 0 1.65) (layer F.Fab)
      (effects (font (size 1 1) (thickness 0.15)))
    )
    (fp_text user %R (at 0 0) (layer F.Fab)
      (effects (font (size 0.5 0.5) (thickness 0.08)))
    )
    (fp_line (start -1 0.6) (end -1 -0.6) (layer F.Fab) (width 0.1))
    (fp_line (start -1 -0.6) (end 1 -0.6) (layer F.Fab) (width 0.1))
    (fp_line (start 1 -0.6) (end 1 0.6) (layer F.Fab) (width 0.1))
    (fp_line (start 1 0.6) (end -1 0.6) (layer F.Fab) (width 0.1))
    (fp_line (start -0.261252 -0.71) (end 0.261252 -0.71) (layer F.SilkS) (width 0.12))
    (fp_line (start -0.261252 0.71) (end 0.261252 0.71) (layer F.SilkS) (width 0.12))
    (fp_line (start -1.85 0.95) (end -1.85 -0.95) (layer F.CrtYd) (width 0.05))
    (fp_line (start -1.85 -0.95) (end 1.85 -0.95) (layer F.CrtYd) (width 0.05))
    (fp_line (start 1.85 -0.95) (end 1.85 0.95) (layer F.CrtYd) (width 0.05))
    (fp_line (start 1.85 0.95) (end -1.85 0.95) (layer F.CrtYd) (width 0.05))
    (pad 2 smd roundrect (at 1.025 0) (size 1.15 1.4) (layers F.Cu F.Paste F.Mask) (roundrect_rratio 0.217391)
      (net 2 GND))
    (pad 1 smd roundrect (at -1.025 0) (size 1.15 1.4) (layers F.Cu F.Paste F.Mask) (roundrect_rratio 0.217391)
      (net 63 /OSCIN))
    (model ${KISYS3DMOD}/Resistor_SMD.3dshapes/R_0805_2012Metric.wrl
      (at (xyz 0 0 0))
      (scale (xyz 1 1 1))
      (rotate (xyz 0 0 0))
    )
  )

  (module Resistor_SMD:R_0805_2012Metric_Pad1.15x1.40mm_HandSolder (layer F.Cu) (tedit 5B36C52B) (tstamp 6080A6C9)
    (at 95.682 85.776)
    (descr "Resistor SMD 0805 (2012 Metric), square (rectangular) end terminal, IPC_7351 nominal with elongated pad for handsoldering. (Body size source: https://docs.google.com/spreadsheets/d/1BsfQQcO9C6DZCsRaXUlFlo91Tg2WpOkGARC1WS5S8t0/edit?usp=sharing), generated with kicad-footprint-generator")
    (tags "resistor handsolder")
    (path /60875D4F)
    (attr smd)
    (fp_text reference C6 (at 0 -1.65) (layer F.SilkS)
      (effects (font (size 1 1) (thickness 0.15)))
    )
    (fp_text value 22pF (at 0 1.65) (layer F.Fab)
      (effects (font (size 1 1) (thickness 0.15)))
    )
    (fp_text user %R (at 0 0) (layer F.Fab)
      (effects (font (size 0.5 0.5) (thickness 0.08)))
    )
    (fp_line (start -1 0.6) (end -1 -0.6) (layer F.Fab) (width 0.1))
    (fp_line (start -1 -0.6) (end 1 -0.6) (layer F.Fab) (width 0.1))
    (fp_line (start 1 -0.6) (end 1 0.6) (layer F.Fab) (width 0.1))
    (fp_line (start 1 0.6) (end -1 0.6) (layer F.Fab) (width 0.1))
    (fp_line (start -0.261252 -0.71) (end 0.261252 -0.71) (layer F.SilkS) (width 0.12))
    (fp_line (start -0.261252 0.71) (end 0.261252 0.71) (layer F.SilkS) (width 0.12))
    (fp_line (start -1.85 0.95) (end -1.85 -0.95) (layer F.CrtYd) (width 0.05))
    (fp_line (start -1.85 -0.95) (end 1.85 -0.95) (layer F.CrtYd) (width 0.05))
    (fp_line (start 1.85 -0.95) (end 1.85 0.95) (layer F.CrtYd) (width 0.05))
    (fp_line (start 1.85 0.95) (end -1.85 0.95) (layer F.CrtYd) (width 0.05))
    (pad 2 smd roundrect (at 1.025 0) (size 1.15 1.4) (layers F.Cu F.Paste F.Mask) (roundrect_rratio 0.217391)
      (net 2 GND))
    (pad 1 smd roundrect (at -1.025 0) (size 1.15 1.4) (layers F.Cu F.Paste F.Mask) (roundrect_rratio 0.217391)
      (net 62 /OSCOUT))
    (model ${KISYS3DMOD}/Resistor_SMD.3dshapes/R_0805_2012Metric.wrl
      (at (xyz 0 0 0))
      (scale (xyz 1 1 1))
      (rotate (xyz 0 0 0))
    )
  )

  (module Connector_PinSocket_2.54mm:PinSocket_1x06_P2.54mm_Vertical (layer F.Cu) (tedit 5A19A430) (tstamp 60807E71)
    (at 114.224 69.012 270)
    (descr "Through hole straight socket strip, 1x06, 2.54mm pitch, single row (from Kicad 4.0.7), script generated")
    (tags "Through hole socket strip THT 1x06 2.54mm single row")
    (path /6086294F)
    (fp_text reference J4 (at 0 -2.77 90) (layer F.SilkS)
      (effects (font (size 1 1) (thickness 0.15)))
    )
    (fp_text value Conn_01x06_Male (at 0 15.47 90) (layer F.Fab)
      (effects (font (size 1 1) (thickness 0.15)))
    )
    (fp_text user %R (at 0 6.35) (layer F.Fab)
      (effects (font (size 1 1) (thickness 0.15)))
    )
    (fp_line (start -1.27 -1.27) (end 0.635 -1.27) (layer F.Fab) (width 0.1))
    (fp_line (start 0.635 -1.27) (end 1.27 -0.635) (layer F.Fab) (width 0.1))
    (fp_line (start 1.27 -0.635) (end 1.27 13.97) (layer F.Fab) (width 0.1))
    (fp_line (start 1.27 13.97) (end -1.27 13.97) (layer F.Fab) (width 0.1))
    (fp_line (start -1.27 13.97) (end -1.27 -1.27) (layer F.Fab) (width 0.1))
    (fp_line (start -1.33 1.27) (end 1.33 1.27) (layer F.SilkS) (width 0.12))
    (fp_line (start -1.33 1.27) (end -1.33 14.03) (layer F.SilkS) (width 0.12))
    (fp_line (start -1.33 14.03) (end 1.33 14.03) (layer F.SilkS) (width 0.12))
    (fp_line (start 1.33 1.27) (end 1.33 14.03) (layer F.SilkS) (width 0.12))
    (fp_line (start 1.33 -1.33) (end 1.33 0) (layer F.SilkS) (width 0.12))
    (fp_line (start 0 -1.33) (end 1.33 -1.33) (layer F.SilkS) (width 0.12))
    (fp_line (start -1.8 -1.8) (end 1.75 -1.8) (layer F.CrtYd) (width 0.05))
    (fp_line (start 1.75 -1.8) (end 1.75 14.45) (layer F.CrtYd) (width 0.05))
    (fp_line (start 1.75 14.45) (end -1.8 14.45) (layer F.CrtYd) (width 0.05))
    (fp_line (start -1.8 14.45) (end -1.8 -1.8) (layer F.CrtYd) (width 0.05))
    (pad 6 thru_hole oval (at 0 12.7 270) (size 1.7 1.7) (drill 1) (layers *.Cu *.Mask)
      (net 1 +3V3))
    (pad 5 thru_hole oval (at 0 10.16 270) (size 1.7 1.7) (drill 1) (layers *.Cu *.Mask)
      (net 58 "Net-(J4-Pad5)"))
    (pad 4 thru_hole oval (at 0 7.62 270) (size 1.7 1.7) (drill 1) (layers *.Cu *.Mask)
      (net 59 /SWCLK))
    (pad 3 thru_hole oval (at 0 5.08 270) (size 1.7 1.7) (drill 1) (layers *.Cu *.Mask)
      (net 2 GND))
    (pad 2 thru_hole oval (at 0 2.54 270) (size 1.7 1.7) (drill 1) (layers *.Cu *.Mask)
      (net 60 /SWDIO))
    (pad 1 thru_hole rect (at 0 0 270) (size 1.7 1.7) (drill 1) (layers *.Cu *.Mask)
      (net 61 /NRST))
    (model ${KISYS3DMOD}/Connector_PinSocket_2.54mm.3dshapes/PinSocket_1x06_P2.54mm_Vertical.wrl
      (at (xyz 0 0 0))
      (scale (xyz 1 1 1))
      (rotate (xyz 0 0 0))
    )
  )

  (module Jumper:SolderJumper-3_P2.0mm_Open_TrianglePad1.0x1.5mm (layer F.Cu) (tedit 5A64803D) (tstamp 607F0281)
    (at 90.348 78.664)
    (descr "SMD Solder Jumper, 1x1.5mm Triangular Pads, 0.3mm gap, open")
    (tags "solder jumper open")
    (path /6082FAA7)
    (attr virtual)
    (fp_text reference JP3 (at 0.725 -1.775) (layer F.SilkS) hide
      (effects (font (size 1 1) (thickness 0.15)))
    )
    (fp_text value A2 (at -4.064 0) (layer F.SilkS)
      (effects (font (size 1 1) (thickness 0.15)))
    )
    (fp_line (start 3 1.25) (end -2.98 1.25) (layer F.CrtYd) (width 0.05))
    (fp_line (start 3 1.25) (end 3 -1.27) (layer F.CrtYd) (width 0.05))
    (fp_line (start -2.98 -1.27) (end -2.98 1.25) (layer F.CrtYd) (width 0.05))
    (fp_line (start -2.98 -1.27) (end 3 -1.27) (layer F.CrtYd) (width 0.05))
    (fp_line (start -2.75 -1) (end 2.75 -1) (layer F.SilkS) (width 0.12))
    (fp_line (start 2.75 -1) (end 2.75 0.95) (layer F.SilkS) (width 0.12))
    (fp_line (start 2.75 0.95) (end -2.75 0.95) (layer F.SilkS) (width 0.12))
    (fp_line (start -2.75 0.95) (end -2.75 -1) (layer F.SilkS) (width 0.12))
    (fp_line (start -1.4 1.2) (end -1.7 1.5) (layer F.SilkS) (width 0.12))
    (fp_line (start -1.7 1.5) (end -1.1 1.5) (layer F.SilkS) (width 0.12))
    (fp_line (start -1.1 1.5) (end -1.4 1.2) (layer F.SilkS) (width 0.12))
    (pad 3 smd custom (at 2 0 180) (size 0.3 0.3) (layers F.Cu F.Mask)
      (net 1 +3V3) (zone_connect 2)
      (options (clearance outline) (anchor rect))
      (primitives
        (gr_poly (pts
           (xy -0.5 -0.75) (xy 0.5 -0.75) (xy 1 0) (xy 0.5 0.75) (xy -0.5 0.75)
) (width 0))
      ))
    (pad 2 smd custom (at 0 0) (size 0.3 0.3) (layers F.Cu)
      (net 57 /MEM_A2) (zone_connect 2)
      (options (clearance outline) (anchor rect))
      (primitives
        (gr_poly (pts
           (xy -1.2 -0.75) (xy 1.2 -0.75) (xy 0.7 0) (xy 1.2 0.75) (xy -1.2 0.75)
           (xy -0.7 0)) (width 0))
      ))
    (pad 1 smd custom (at -2 0) (size 0.3 0.3) (layers F.Cu F.Mask)
      (net 2 GND) (zone_connect 2)
      (options (clearance outline) (anchor rect))
      (primitives
        (gr_poly (pts
           (xy -0.5 -0.75) (xy 0.5 -0.75) (xy 1 0) (xy 0.5 0.75) (xy -0.5 0.75)
) (width 0))
      ))
    (pad "" smd rect (at -1.2 0) (size 1.5 1.5) (layers F.Mask))
    (pad "" smd rect (at 1.2 0) (size 1.5 1.5) (layers F.Mask))
  )

  (module Jumper:SolderJumper-3_P2.0mm_Open_TrianglePad1.0x1.5mm (layer F.Cu) (tedit 5A64803D) (tstamp 607F026D)
    (at 90.348 76.124)
    (descr "SMD Solder Jumper, 1x1.5mm Triangular Pads, 0.3mm gap, open")
    (tags "solder jumper open")
    (path /6082F498)
    (attr virtual)
    (fp_text reference JP2 (at 0.725 -1.775) (layer F.SilkS) hide
      (effects (font (size 1 1) (thickness 0.15)))
    )
    (fp_text value A1 (at -4.064 0) (layer F.SilkS)
      (effects (font (size 1 1) (thickness 0.15)))
    )
    (fp_line (start 3 1.25) (end -2.98 1.25) (layer F.CrtYd) (width 0.05))
    (fp_line (start 3 1.25) (end 3 -1.27) (layer F.CrtYd) (width 0.05))
    (fp_line (start -2.98 -1.27) (end -2.98 1.25) (layer F.CrtYd) (width 0.05))
    (fp_line (start -2.98 -1.27) (end 3 -1.27) (layer F.CrtYd) (width 0.05))
    (fp_line (start -2.75 -1) (end 2.75 -1) (layer F.SilkS) (width 0.12))
    (fp_line (start 2.75 -1) (end 2.75 0.95) (layer F.SilkS) (width 0.12))
    (fp_line (start 2.75 0.95) (end -2.75 0.95) (layer F.SilkS) (width 0.12))
    (fp_line (start -2.75 0.95) (end -2.75 -1) (layer F.SilkS) (width 0.12))
    (fp_line (start -1.4 1.2) (end -1.7 1.5) (layer F.SilkS) (width 0.12))
    (fp_line (start -1.7 1.5) (end -1.1 1.5) (layer F.SilkS) (width 0.12))
    (fp_line (start -1.1 1.5) (end -1.4 1.2) (layer F.SilkS) (width 0.12))
    (pad 3 smd custom (at 2 0 180) (size 0.3 0.3) (layers F.Cu F.Mask)
      (net 1 +3V3) (zone_connect 2)
      (options (clearance outline) (anchor rect))
      (primitives
        (gr_poly (pts
           (xy -0.5 -0.75) (xy 0.5 -0.75) (xy 1 0) (xy 0.5 0.75) (xy -0.5 0.75)
) (width 0))
      ))
    (pad 2 smd custom (at 0 0) (size 0.3 0.3) (layers F.Cu)
      (net 56 /MEM_A1) (zone_connect 2)
      (options (clearance outline) (anchor rect))
      (primitives
        (gr_poly (pts
           (xy -1.2 -0.75) (xy 1.2 -0.75) (xy 0.7 0) (xy 1.2 0.75) (xy -1.2 0.75)
           (xy -0.7 0)) (width 0))
      ))
    (pad 1 smd custom (at -2 0) (size 0.3 0.3) (layers F.Cu F.Mask)
      (net 2 GND) (zone_connect 2)
      (options (clearance outline) (anchor rect))
      (primitives
        (gr_poly (pts
           (xy -0.5 -0.75) (xy 0.5 -0.75) (xy 1 0) (xy 0.5 0.75) (xy -0.5 0.75)
) (width 0))
      ))
    (pad "" smd rect (at -1.2 0) (size 1.5 1.5) (layers F.Mask))
    (pad "" smd rect (at 1.2 0) (size 1.5 1.5) (layers F.Mask))
  )

  (module Jumper:SolderJumper-3_P2.0mm_Open_TrianglePad1.0x1.5mm (layer F.Cu) (tedit 5A64803D) (tstamp 607F0259)
    (at 90.348 73.584)
    (descr "SMD Solder Jumper, 1x1.5mm Triangular Pads, 0.3mm gap, open")
    (tags "solder jumper open")
    (path /608250E2)
    (attr virtual)
    (fp_text reference JP1 (at 0.725 -1.775) (layer F.SilkS) hide
      (effects (font (size 1 1) (thickness 0.15)))
    )
    (fp_text value A0 (at -4.064 0) (layer F.SilkS)
      (effects (font (size 1 1) (thickness 0.15)))
    )
    (fp_line (start 3 1.25) (end -2.98 1.25) (layer F.CrtYd) (width 0.05))
    (fp_line (start 3 1.25) (end 3 -1.27) (layer F.CrtYd) (width 0.05))
    (fp_line (start -2.98 -1.27) (end -2.98 1.25) (layer F.CrtYd) (width 0.05))
    (fp_line (start -2.98 -1.27) (end 3 -1.27) (layer F.CrtYd) (width 0.05))
    (fp_line (start -2.75 -1) (end 2.75 -1) (layer F.SilkS) (width 0.12))
    (fp_line (start 2.75 -1) (end 2.75 0.95) (layer F.SilkS) (width 0.12))
    (fp_line (start 2.75 0.95) (end -2.75 0.95) (layer F.SilkS) (width 0.12))
    (fp_line (start -2.75 0.95) (end -2.75 -1) (layer F.SilkS) (width 0.12))
    (fp_line (start -1.4 1.2) (end -1.7 1.5) (layer F.SilkS) (width 0.12))
    (fp_line (start -1.7 1.5) (end -1.1 1.5) (layer F.SilkS) (width 0.12))
    (fp_line (start -1.1 1.5) (end -1.4 1.2) (layer F.SilkS) (width 0.12))
    (pad 3 smd custom (at 2 0 180) (size 0.3 0.3) (layers F.Cu F.Mask)
      (net 1 +3V3) (zone_connect 2)
      (options (clearance outline) (anchor rect))
      (primitives
        (gr_poly (pts
           (xy -0.5 -0.75) (xy 0.5 -0.75) (xy 1 0) (xy 0.5 0.75) (xy -0.5 0.75)
) (width 0))
      ))
    (pad 2 smd custom (at 0 0) (size 0.3 0.3) (layers F.Cu)
      (net 55 /MEM_A0) (zone_connect 2)
      (options (clearance outline) (anchor rect))
      (primitives
        (gr_poly (pts
           (xy -1.2 -0.75) (xy 1.2 -0.75) (xy 0.7 0) (xy 1.2 0.75) (xy -1.2 0.75)
           (xy -0.7 0)) (width 0))
      ))
    (pad 1 smd custom (at -2 0) (size 0.3 0.3) (layers F.Cu F.Mask)
      (net 2 GND) (zone_connect 2)
      (options (clearance outline) (anchor rect))
      (primitives
        (gr_poly (pts
           (xy -0.5 -0.75) (xy 0.5 -0.75) (xy 1 0) (xy 0.5 0.75) (xy -0.5 0.75)
) (width 0))
      ))
    (pad "" smd rect (at -1.2 0) (size 1.5 1.5) (layers F.Mask))
    (pad "" smd rect (at 1.2 0) (size 1.5 1.5) (layers F.Mask))
  )

  (module Resistor_SMD:R_0805_2012Metric_Pad1.15x1.40mm_HandSolder (layer F.Cu) (tedit 5B36C52B) (tstamp 607ED2BA)
    (at 100.753 73.584 180)
    (descr "Resistor SMD 0805 (2012 Metric), square (rectangular) end terminal, IPC_7351 nominal with elongated pad for handsoldering. (Body size source: https://docs.google.com/spreadsheets/d/1BsfQQcO9C6DZCsRaXUlFlo91Tg2WpOkGARC1WS5S8t0/edit?usp=sharing), generated with kicad-footprint-generator")
    (tags "resistor handsolder")
    (path /60808B44)
    (attr smd)
    (fp_text reference C5 (at 2.794 0) (layer F.SilkS)
      (effects (font (size 1 1) (thickness 0.15)))
    )
    (fp_text value 0.1uF (at 0 1.65) (layer F.Fab)
      (effects (font (size 1 1) (thickness 0.15)))
    )
    (fp_line (start 1.85 0.95) (end -1.85 0.95) (layer F.CrtYd) (width 0.05))
    (fp_line (start 1.85 -0.95) (end 1.85 0.95) (layer F.CrtYd) (width 0.05))
    (fp_line (start -1.85 -0.95) (end 1.85 -0.95) (layer F.CrtYd) (width 0.05))
    (fp_line (start -1.85 0.95) (end -1.85 -0.95) (layer F.CrtYd) (width 0.05))
    (fp_line (start -0.261252 0.71) (end 0.261252 0.71) (layer F.SilkS) (width 0.12))
    (fp_line (start -0.261252 -0.71) (end 0.261252 -0.71) (layer F.SilkS) (width 0.12))
    (fp_line (start 1 0.6) (end -1 0.6) (layer F.Fab) (width 0.1))
    (fp_line (start 1 -0.6) (end 1 0.6) (layer F.Fab) (width 0.1))
    (fp_line (start -1 -0.6) (end 1 -0.6) (layer F.Fab) (width 0.1))
    (fp_line (start -1 0.6) (end -1 -0.6) (layer F.Fab) (width 0.1))
    (fp_text user %R (at 0 0) (layer F.Fab)
      (effects (font (size 0.5 0.5) (thickness 0.08)))
    )
    (pad 2 smd roundrect (at 1.025 0 180) (size 1.15 1.4) (layers F.Cu F.Paste F.Mask) (roundrect_rratio 0.217391)
      (net 2 GND))
    (pad 1 smd roundrect (at -1.025 0 180) (size 1.15 1.4) (layers F.Cu F.Paste F.Mask) (roundrect_rratio 0.217391)
      (net 1 +3V3))
    (model ${KISYS3DMOD}/Resistor_SMD.3dshapes/R_0805_2012Metric.wrl
      (at (xyz 0 0 0))
      (scale (xyz 1 1 1))
      (rotate (xyz 0 0 0))
    )
  )

  (module Resistor_SMD:R_0805_2012Metric_Pad1.15x1.40mm_HandSolder (layer F.Cu) (tedit 5B36C52B) (tstamp 607ECAD2)
    (at 104.318 77.902 90)
    (descr "Resistor SMD 0805 (2012 Metric), square (rectangular) end terminal, IPC_7351 nominal with elongated pad for handsoldering. (Body size source: https://docs.google.com/spreadsheets/d/1BsfQQcO9C6DZCsRaXUlFlo91Tg2WpOkGARC1WS5S8t0/edit?usp=sharing), generated with kicad-footprint-generator")
    (tags "resistor handsolder")
    (path /60800B6F)
    (attr smd)
    (fp_text reference R10 (at -1.27 -2.286 180) (layer F.SilkS)
      (effects (font (size 1 1) (thickness 0.15)))
    )
    (fp_text value 4k7 (at 0 1.65 90) (layer F.Fab)
      (effects (font (size 1 1) (thickness 0.15)))
    )
    (fp_line (start 1.85 0.95) (end -1.85 0.95) (layer F.CrtYd) (width 0.05))
    (fp_line (start 1.85 -0.95) (end 1.85 0.95) (layer F.CrtYd) (width 0.05))
    (fp_line (start -1.85 -0.95) (end 1.85 -0.95) (layer F.CrtYd) (width 0.05))
    (fp_line (start -1.85 0.95) (end -1.85 -0.95) (layer F.CrtYd) (width 0.05))
    (fp_line (start -0.261252 0.71) (end 0.261252 0.71) (layer F.SilkS) (width 0.12))
    (fp_line (start -0.261252 -0.71) (end 0.261252 -0.71) (layer F.SilkS) (width 0.12))
    (fp_line (start 1 0.6) (end -1 0.6) (layer F.Fab) (width 0.1))
    (fp_line (start 1 -0.6) (end 1 0.6) (layer F.Fab) (width 0.1))
    (fp_line (start -1 -0.6) (end 1 -0.6) (layer F.Fab) (width 0.1))
    (fp_line (start -1 0.6) (end -1 -0.6) (layer F.Fab) (width 0.1))
    (fp_text user %R (at 0 0 90) (layer F.Fab)
      (effects (font (size 0.5 0.5) (thickness 0.08)))
    )
    (pad 2 smd roundrect (at 1.025 0 90) (size 1.15 1.4) (layers F.Cu F.Paste F.Mask) (roundrect_rratio 0.217391)
      (net 54 /MEM_SCL))
    (pad 1 smd roundrect (at -1.025 0 90) (size 1.15 1.4) (layers F.Cu F.Paste F.Mask) (roundrect_rratio 0.217391)
      (net 1 +3V3))
    (model ${KISYS3DMOD}/Resistor_SMD.3dshapes/R_0805_2012Metric.wrl
      (at (xyz 0 0 0))
      (scale (xyz 1 1 1))
      (rotate (xyz 0 0 0))
    )
  )

  (module Resistor_SMD:R_0805_2012Metric_Pad1.15x1.40mm_HandSolder (layer F.Cu) (tedit 5B36C52B) (tstamp 607ECAC1)
    (at 106.35 77.911 90)
    (descr "Resistor SMD 0805 (2012 Metric), square (rectangular) end terminal, IPC_7351 nominal with elongated pad for handsoldering. (Body size source: https://docs.google.com/spreadsheets/d/1BsfQQcO9C6DZCsRaXUlFlo91Tg2WpOkGARC1WS5S8t0/edit?usp=sharing), generated with kicad-footprint-generator")
    (tags "resistor handsolder")
    (path /60801B46)
    (attr smd)
    (fp_text reference R9 (at 0.009 1.778 90) (layer F.SilkS)
      (effects (font (size 1 1) (thickness 0.15)))
    )
    (fp_text value 4k7 (at 0 1.65 90) (layer F.Fab)
      (effects (font (size 1 1) (thickness 0.15)))
    )
    (fp_line (start 1.85 0.95) (end -1.85 0.95) (layer F.CrtYd) (width 0.05))
    (fp_line (start 1.85 -0.95) (end 1.85 0.95) (layer F.CrtYd) (width 0.05))
    (fp_line (start -1.85 -0.95) (end 1.85 -0.95) (layer F.CrtYd) (width 0.05))
    (fp_line (start -1.85 0.95) (end -1.85 -0.95) (layer F.CrtYd) (width 0.05))
    (fp_line (start -0.261252 0.71) (end 0.261252 0.71) (layer F.SilkS) (width 0.12))
    (fp_line (start -0.261252 -0.71) (end 0.261252 -0.71) (layer F.SilkS) (width 0.12))
    (fp_line (start 1 0.6) (end -1 0.6) (layer F.Fab) (width 0.1))
    (fp_line (start 1 -0.6) (end 1 0.6) (layer F.Fab) (width 0.1))
    (fp_line (start -1 -0.6) (end 1 -0.6) (layer F.Fab) (width 0.1))
    (fp_line (start -1 0.6) (end -1 -0.6) (layer F.Fab) (width 0.1))
    (fp_text user %R (at 0 0 90) (layer F.Fab)
      (effects (font (size 0.5 0.5) (thickness 0.08)))
    )
    (pad 2 smd roundrect (at 1.025 0 90) (size 1.15 1.4) (layers F.Cu F.Paste F.Mask) (roundrect_rratio 0.217391)
      (net 53 /MEM_SDA))
    (pad 1 smd roundrect (at -1.025 0 90) (size 1.15 1.4) (layers F.Cu F.Paste F.Mask) (roundrect_rratio 0.217391)
      (net 1 +3V3))
    (model ${KISYS3DMOD}/Resistor_SMD.3dshapes/R_0805_2012Metric.wrl
      (at (xyz 0 0 0))
      (scale (xyz 1 1 1))
      (rotate (xyz 0 0 0))
    )
  )

  (module Resistor_SMD:R_0805_2012Metric_Pad1.15x1.40mm_HandSolder (layer F.Cu) (tedit 5B36C52B) (tstamp 607EA436)
    (at 105.334 74.6 180)
    (descr "Resistor SMD 0805 (2012 Metric), square (rectangular) end terminal, IPC_7351 nominal with elongated pad for handsoldering. (Body size source: https://docs.google.com/spreadsheets/d/1BsfQQcO9C6DZCsRaXUlFlo91Tg2WpOkGARC1WS5S8t0/edit?usp=sharing), generated with kicad-footprint-generator")
    (tags "resistor handsolder")
    (path /607F4E40)
    (attr smd)
    (fp_text reference R8 (at -2.794 0) (layer F.SilkS)
      (effects (font (size 1 1) (thickness 0.15)))
    )
    (fp_text value 4k7 (at 0 1.65) (layer F.Fab)
      (effects (font (size 1 1) (thickness 0.15)))
    )
    (fp_line (start -1 0.6) (end -1 -0.6) (layer F.Fab) (width 0.1))
    (fp_line (start -1 -0.6) (end 1 -0.6) (layer F.Fab) (width 0.1))
    (fp_line (start 1 -0.6) (end 1 0.6) (layer F.Fab) (width 0.1))
    (fp_line (start 1 0.6) (end -1 0.6) (layer F.Fab) (width 0.1))
    (fp_line (start -0.261252 -0.71) (end 0.261252 -0.71) (layer F.SilkS) (width 0.12))
    (fp_line (start -0.261252 0.71) (end 0.261252 0.71) (layer F.SilkS) (width 0.12))
    (fp_line (start -1.85 0.95) (end -1.85 -0.95) (layer F.CrtYd) (width 0.05))
    (fp_line (start -1.85 -0.95) (end 1.85 -0.95) (layer F.CrtYd) (width 0.05))
    (fp_line (start 1.85 -0.95) (end 1.85 0.95) (layer F.CrtYd) (width 0.05))
    (fp_line (start 1.85 0.95) (end -1.85 0.95) (layer F.CrtYd) (width 0.05))
    (fp_text user %R (at 0 0) (layer F.Fab)
      (effects (font (size 0.5 0.5) (thickness 0.08)))
    )
    (pad 1 smd roundrect (at -1.025 0 180) (size 1.15 1.4) (layers F.Cu F.Paste F.Mask) (roundrect_rratio 0.217391)
      (net 1 +3V3))
    (pad 2 smd roundrect (at 1.025 0 180) (size 1.15 1.4) (layers F.Cu F.Paste F.Mask) (roundrect_rratio 0.217391)
      (net 52 /WP))
    (model ${KISYS3DMOD}/Resistor_SMD.3dshapes/R_0805_2012Metric.wrl
      (at (xyz 0 0 0))
      (scale (xyz 1 1 1))
      (rotate (xyz 0 0 0))
    )
  )

  (module Package_SO:TSSOP-8_4.4x3mm_P0.65mm (layer F.Cu) (tedit 5E476F32) (tstamp 607ED88F)
    (at 98.9155 76.505)
    (descr "TSSOP, 8 Pin (JEDEC MO-153 Var AA https://www.jedec.org/document_search?search_api_views_fulltext=MO-153), generated with kicad-footprint-generator ipc_gullwing_generator.py")
    (tags "TSSOP SO")
    (path /607E9A40)
    (attr smd)
    (fp_text reference U4 (at -2.9795 -2.413) (layer F.SilkS)
      (effects (font (size 1 1) (thickness 0.15)))
    )
    (fp_text value 24LC128 (at 0 2.45) (layer F.Fab)
      (effects (font (size 1 1) (thickness 0.15)))
    )
    (fp_line (start 3.85 -1.75) (end -3.85 -1.75) (layer F.CrtYd) (width 0.05))
    (fp_line (start 3.85 1.75) (end 3.85 -1.75) (layer F.CrtYd) (width 0.05))
    (fp_line (start -3.85 1.75) (end 3.85 1.75) (layer F.CrtYd) (width 0.05))
    (fp_line (start -3.85 -1.75) (end -3.85 1.75) (layer F.CrtYd) (width 0.05))
    (fp_line (start -2.2 -0.75) (end -1.45 -1.5) (layer F.Fab) (width 0.1))
    (fp_line (start -2.2 1.5) (end -2.2 -0.75) (layer F.Fab) (width 0.1))
    (fp_line (start 2.2 1.5) (end -2.2 1.5) (layer F.Fab) (width 0.1))
    (fp_line (start 2.2 -1.5) (end 2.2 1.5) (layer F.Fab) (width 0.1))
    (fp_line (start -1.45 -1.5) (end 2.2 -1.5) (layer F.Fab) (width 0.1))
    (fp_line (start 0 -1.61) (end -3.6 -1.61) (layer F.SilkS) (width 0.12))
    (fp_line (start 0 -1.61) (end 2.2 -1.61) (layer F.SilkS) (width 0.12))
    (fp_line (start 0 1.61) (end -2.2 1.61) (layer F.SilkS) (width 0.12))
    (fp_line (start 0 1.61) (end 2.2 1.61) (layer F.SilkS) (width 0.12))
    (fp_text user %R (at 0 0) (layer F.Fab)
      (effects (font (size 1 1) (thickness 0.15)))
    )
    (pad 8 smd roundrect (at 2.8625 -0.975) (size 1.475 0.4) (layers F.Cu F.Paste F.Mask) (roundrect_rratio 0.25)
      (net 1 +3V3))
    (pad 7 smd roundrect (at 2.8625 -0.325) (size 1.475 0.4) (layers F.Cu F.Paste F.Mask) (roundrect_rratio 0.25)
      (net 52 /WP))
    (pad 6 smd roundrect (at 2.8625 0.325) (size 1.475 0.4) (layers F.Cu F.Paste F.Mask) (roundrect_rratio 0.25)
      (net 54 /MEM_SCL))
    (pad 5 smd roundrect (at 2.8625 0.975) (size 1.475 0.4) (layers F.Cu F.Paste F.Mask) (roundrect_rratio 0.25)
      (net 53 /MEM_SDA))
    (pad 4 smd roundrect (at -2.8625 0.975) (size 1.475 0.4) (layers F.Cu F.Paste F.Mask) (roundrect_rratio 0.25)
      (net 2 GND))
    (pad 3 smd roundrect (at -2.8625 0.325) (size 1.475 0.4) (layers F.Cu F.Paste F.Mask) (roundrect_rratio 0.25)
      (net 57 /MEM_A2))
    (pad 2 smd roundrect (at -2.8625 -0.325) (size 1.475 0.4) (layers F.Cu F.Paste F.Mask) (roundrect_rratio 0.25)
      (net 56 /MEM_A1))
    (pad 1 smd roundrect (at -2.8625 -0.975) (size 1.475 0.4) (layers F.Cu F.Paste F.Mask) (roundrect_rratio 0.25)
      (net 55 /MEM_A0))
    (model ${KISYS3DMOD}/Package_SO.3dshapes/TSSOP-8_4.4x3mm_P0.65mm.wrl
      (at (xyz 0 0 0))
      (scale (xyz 1 1 1))
      (rotate (xyz 0 0 0))
    )
  )

  (module Resistor_SMD:R_0805_2012Metric_Pad1.15x1.40mm_HandSolder (layer F.Cu) (tedit 5B36C52B) (tstamp 607CD512)
    (at 111.176 82.22 90)
    (descr "Resistor SMD 0805 (2012 Metric), square (rectangular) end terminal, IPC_7351 nominal with elongated pad for handsoldering. (Body size source: https://docs.google.com/spreadsheets/d/1BsfQQcO9C6DZCsRaXUlFlo91Tg2WpOkGARC1WS5S8t0/edit?usp=sharing), generated with kicad-footprint-generator")
    (tags "resistor handsolder")
    (path /6081414D)
    (attr smd)
    (fp_text reference R7 (at 1.016 -2.032 180) (layer F.SilkS)
      (effects (font (size 1 1) (thickness 0.15)))
    )
    (fp_text value 100k (at 0 1.65 90) (layer F.Fab)
      (effects (font (size 1 1) (thickness 0.15)))
    )
    (fp_line (start -1 0.6) (end -1 -0.6) (layer F.Fab) (width 0.1))
    (fp_line (start -1 -0.6) (end 1 -0.6) (layer F.Fab) (width 0.1))
    (fp_line (start 1 -0.6) (end 1 0.6) (layer F.Fab) (width 0.1))
    (fp_line (start 1 0.6) (end -1 0.6) (layer F.Fab) (width 0.1))
    (fp_line (start -0.261252 -0.71) (end 0.261252 -0.71) (layer F.SilkS) (width 0.12))
    (fp_line (start -0.261252 0.71) (end 0.261252 0.71) (layer F.SilkS) (width 0.12))
    (fp_line (start -1.85 0.95) (end -1.85 -0.95) (layer F.CrtYd) (width 0.05))
    (fp_line (start -1.85 -0.95) (end 1.85 -0.95) (layer F.CrtYd) (width 0.05))
    (fp_line (start 1.85 -0.95) (end 1.85 0.95) (layer F.CrtYd) (width 0.05))
    (fp_line (start 1.85 0.95) (end -1.85 0.95) (layer F.CrtYd) (width 0.05))
    (fp_text user %R (at 0 0 90) (layer F.Fab)
      (effects (font (size 0.5 0.5) (thickness 0.08)))
    )
    (pad 2 smd roundrect (at 1.025 0 90) (size 1.15 1.4) (layers F.Cu F.Paste F.Mask) (roundrect_rratio 0.217391)
      (net 1 +3V3))
    (pad 1 smd roundrect (at -1.025 0 90) (size 1.15 1.4) (layers F.Cu F.Paste F.Mask) (roundrect_rratio 0.217391)
      (net 61 /NRST))
    (model ${KISYS3DMOD}/Resistor_SMD.3dshapes/R_0805_2012Metric.wrl
      (at (xyz 0 0 0))
      (scale (xyz 1 1 1))
      (rotate (xyz 0 0 0))
    )
  )

  (module TestPoint:TestPoint_Loop_D1.80mm_Drill1.0mm_Beaded (layer F.Cu) (tedit 5A0F774F) (tstamp 607CD419)
    (at 89 123)
    (descr "wire loop with bead as test point, loop diameter 1.8mm, hole diameter 1.0mm")
    (tags "test point wire loop bead")
    (path /60814E89)
    (fp_text reference J3 (at 0.7 2.5) (layer F.SilkS)
      (effects (font (size 1 1) (thickness 0.15)))
    )
    (fp_text value Conn_01x01_Female (at 0 -2.8) (layer F.Fab)
      (effects (font (size 1 1) (thickness 0.15)))
    )
    (fp_circle (center 0 0) (end 1.8 0) (layer F.CrtYd) (width 0.05))
    (fp_circle (center 0 0) (end 1.5 0) (layer F.SilkS) (width 0.12))
    (fp_line (start -0.9 -0.2) (end 0.9 -0.2) (layer F.Fab) (width 0.12))
    (fp_line (start 0.9 -0.2) (end 0.9 0.2) (layer F.Fab) (width 0.12))
    (fp_line (start 0.9 0.2) (end -0.9 0.2) (layer F.Fab) (width 0.12))
    (fp_line (start -0.9 0.2) (end -0.9 -0.2) (layer F.Fab) (width 0.12))
    (fp_circle (center 0 0) (end 1.3 0) (layer F.Fab) (width 0.12))
    (fp_text user %R (at 0.7 2.5) (layer F.Fab)
      (effects (font (size 1 1) (thickness 0.15)))
    )
    (pad 1 thru_hole circle (at 0 0) (size 2 2) (drill 1) (layers *.Cu *.Mask)
      (net 51 "Net-(J3-Pad1)"))
    (model ${KISYS3DMOD}/TestPoint.3dshapes/TestPoint_Loop_D1.80mm_Drill1.0mm_Beaded.wrl
      (at (xyz 0 0 0))
      (scale (xyz 1 1 1))
      (rotate (xyz 0 0 0))
    )
  )

  (module Resistor_SMD:R_0805_2012Metric_Pad1.15x1.40mm_HandSolder (layer F.Cu) (tedit 5B36C52B) (tstamp 607C51C2)
    (at 124.384 80.696 270)
    (descr "Resistor SMD 0805 (2012 Metric), square (rectangular) end terminal, IPC_7351 nominal with elongated pad for handsoldering. (Body size source: https://docs.google.com/spreadsheets/d/1BsfQQcO9C6DZCsRaXUlFlo91Tg2WpOkGARC1WS5S8t0/edit?usp=sharing), generated with kicad-footprint-generator")
    (tags "resistor handsolder")
    (path /607E186A)
    (attr smd)
    (fp_text reference C4 (at -2.54 0 180) (layer F.SilkS)
      (effects (font (size 1 1) (thickness 0.15)))
    )
    (fp_text value 0.1uF (at 0 1.65 90) (layer F.Fab)
      (effects (font (size 1 1) (thickness 0.15)))
    )
    (fp_line (start -1 0.6) (end -1 -0.6) (layer F.Fab) (width 0.1))
    (fp_line (start -1 -0.6) (end 1 -0.6) (layer F.Fab) (width 0.1))
    (fp_line (start 1 -0.6) (end 1 0.6) (layer F.Fab) (width 0.1))
    (fp_line (start 1 0.6) (end -1 0.6) (layer F.Fab) (width 0.1))
    (fp_line (start -0.261252 -0.71) (end 0.261252 -0.71) (layer F.SilkS) (width 0.12))
    (fp_line (start -0.261252 0.71) (end 0.261252 0.71) (layer F.SilkS) (width 0.12))
    (fp_line (start -1.85 0.95) (end -1.85 -0.95) (layer F.CrtYd) (width 0.05))
    (fp_line (start -1.85 -0.95) (end 1.85 -0.95) (layer F.CrtYd) (width 0.05))
    (fp_line (start 1.85 -0.95) (end 1.85 0.95) (layer F.CrtYd) (width 0.05))
    (fp_line (start 1.85 0.95) (end -1.85 0.95) (layer F.CrtYd) (width 0.05))
    (fp_text user %R (at 0 0 90) (layer F.Fab)
      (effects (font (size 0.5 0.5) (thickness 0.08)))
    )
